26571044
26571032
26570629
26570588
26570211
26568598
26568550
26568491
26567328
26567305
26567291
26566683
26566217
26566115
26566081
26564559
26564534
26564510
26564483
26564239
26563886
26563874
26562716
26562698
26562612
26560867
26560333
26560325
26559499
26559388
26559275
26559256
26559053
26558975
26558896
26558831
26558764
26558702
26558660
26558642
26558592
26558581
26558543
26557174
26557021
26556459
26556378
26556355
26556319
26556299
26556287
26555912
26555852
26555846
26555833
26555804
26555767
26555758
26555731
26555694
26554985
26554224
26554212
26554139
26554107
26554095
26554079
26554054
26552725
26552639
26552534
26552526
26552506
26552020
26551774
26551499
26551437
26550924
26550569
26550542
26550507
26550319
26550309
26550205
26550165
26549423
26548001
26546283
26546238
26546175
26545802
26545665
26545526
26545064
26543615
26543608
26543584
26543399
26541876
26541737
26541407
26541374
26539182
26538206
26538177
26537575
26537231
26534928
26534710
26534686
26534068
26533664
26533143
26532816
26532800
26526208
26525282
26522970
26522332
26521340
26521295
26517295
26517275
