26571044
26571032
26570629
26570588
26570211
26568598
26568550
26568491
26567328
26567305
26567291
26566683
26566217
26566115
26566081
26564559
26564534
26564510
26564483
26564239
26563886
26563874
26562716
26562698
26562612
26560867
26560333
26560325
26559499
26559388
26559275
26559256
26559053
26558975
26558896
26558831
26558764
26558702
26558660
26558642
26558592
26558581
26558543
26557174
26557021
26556459
26556378
26556355
26556319
26556299
26556287
26555912
26555852
26555846
26555833
26555804
26555767
26555758
26555731
26555694
26554985
26554224
26554212
26554139
26554107
26554095
26554079
26554054
26552725
26552639
26552534
26552526
26552506
26552020
26551774
26551499
26551437
26550924
26550569
26550542
26550507
26550319
26550309
26550205
26550165
26549423
26548001
26546283
26546238
26546175
26545802
26545665
26545526
26545064
26543615
26543608
26543584
26543399
26541876
26541737
26541407
26541374
26539182
26538206
26538177
26537575
26537231
26534928
26534710
26534686
26534068
26533664
26533143
26532816
26532800
26526208
26525282
26522970
26522332
26521340
26521295
26517295
26517275
26516934
26515292
26512006
26511987
26511864
26511726
26511680
26509205
26507919
26507643
26507628
26507031
26504109
26502997
26502633
26502168
26502112
26502035
26502032
26501720
26501016
26500926
26499942
26499354
26498881
26498869
26498825
26498760
26498688
26498490
26498438
26498365
26498295
26498280
26498242
26498204
26483274
26483232
26483018
26482547
26482438
26482420
26482404
26482162
26481904
26480197
26479558
26473664
26470850
26470811
26470800
26468973
26468919
26468503
26468355
26467975
26467833
26467631
26467600
26467556
26467545
26467224
26466968
26466871
26466520
26465327
26463585
26463133
26463122
26463110
26463014
26462261
26461324
26461312
26461289
26461287
26461283
26461253
26461237
26461220
26461219
26461206
26461156
26461126
26460866
26460862
26460840
26460656
26460502
26459498
26459317
26459292
26459267
26459256
26459084
26459069
26459032
26458892
26458888
26458840
26458353
26458332
26457665
26457587
26455864
26455849
26455561
26455527
26454970
26454432
26454420
26454070
26454040
26454013
26453492
26453457
26453399
26453349
26453302
26453279
26453089
26452699
26452692
26451938
26451930
26451736
26449012
26448986
26448973
26448630
26448620
26448432
26448310
26446493
26446407
26446147
26446026
26445797
26445771
26445398
26432678
26432599
26432482
26432250
26432061
26431890
26431830
26431800
26431774
26431622
26431608
26431558
26431556
26406742
26406712
26406665
26406660
26406651
26406421
26406279
26406168
26405882
26405851
26405097
26405063
26404651
26404640
26404608
26404594
26404590
26404585
26401717
26401571
26401556
26401513
26389706
26389614
26389468
26389459
26389439
26389192
26388916
26388905
26388902
26388893
26388879
26388853
26388845
26388700
26388691
26388676
26388672
26388635
26388631
26388627
26388610
26388600
26388595
26388569
26388548
26388495
26388098
26388089
26388086
26387874
26387796
26387768
26387747
26387730
26387691
26387683
26387532
26387443
26387403
26386425
26386409
26386393
26386217
26386136
26385568
26385564
26385559
26385551
26385543
26385538
26385341
26385327
26385311
26385196
26385184
26384981
26384972
26384849
26384805
26384784
26384757
26384745
26384735
26384675
26384659
26384636
26384597
26384460
26384428
26384365
26384360
26384271
26383743
26383590
26383545
26383448
26383410
26383209
26382974
26382967
26382891
26382830
26382802
26382791
26382686
26382092
26381907
26381781
26381769
26381766
26381726
26381659
26381563
26381490
26381420
26381378
26381358
26381347
26381295
26381197
26381192
26381170
26379609
26378690
26378658
26378571
26378556
26378533
26378517
26378503
26378340
26378331
26378286
26378240
26377969
26377939
26375962
26375112
26375097
26375078
26375030
26375010
26374997
26374773
26374722
26374706
26374699
26374672
26374627
26374617
26374575
26374498
26374489
26374440
26374428
26374408
26374390
26374385
26374368
26374308
26374235
26373895
26373855
26373846
26373757
26373727
26373697
26373401
26366007
26364218
26364008
26359904
26359848
26359754
26359502
26358786
26357579
26357570
26356875
26356809
26356788
26356786
26356427
26356402
26356384
26356366
26356016
26356013
26355375
26355321
26355103
26355071
26354066
26353923
26353696
26353690
26353674
26352622
26352581
26351886
26351880
26350012
26349942
26349861
26349647
26349574
26349531
26342628
26340697
26340596
26340529
26335446
26335444
26335437
26335434
26335431
26335133
26334853
26334632
26329008
26327554
26326429
26326096
26325601
26325590
26325412
26325248
26325174
26325150
26325103
26325081
26325072
26324883
26321866
26321861
26320636
26320289
26320245
26320141
26320113
26316077
26315885
26314945
26314917
26314387
26313331
26313328
26311100
26309026
26307500
26307406
26307074
26306680
26306237
26306079
26306031
26306015
26305837
26305824
26305115
26304559
26304557
26304461
26304399
26304010
26304000
26303521
26303497
26303264
26302713
26302281
26302226
26302203
26302027
26300532
26300241
26300214
26300204
26300190
26300160
26300135
26300121
26296991
26296854
26296678
26296038
26293214
26292263
26288330
26284376
26284340
26284317
26284158
26284095
26283765
26283692
26283675
26283623
26283585
26283578
26283525
26283512
26283458
26283409
26283404
26283312
26283260
26283229
26283197
26283192
26283186
26283179
26283155
26283149
26283145
26283138
26283114
26283107
26283103
26283083
26283081
26283044
26281066
26279090
26279084
26278956
26278926
26278919
26278362
26276719
26276684
26276640
26276554
26276526
26276510
26276504
26276467
26276447
26276436
26276392
26276365
26275202
26274934
26274876
26274265
26274128
26274122
26273443
26273351
26273347
26273303
26271828
26271808
26269681
26268415
26268218
26268211
26268096
26265479
26265147
26265083
26265041
26264642
26262340
26262165
26260379
26256532
26256242
26256236
26256174
26251540
26249973
26249916
26249855
26249512
26249346
26248586
26248520
26248451
26248166
26248139
26248037
26248015
26247925
26247057
26246571
26246120
26246074
26233647
26230389
26230334
26221768
26219433
26219370
26219368
26219307
26213598
26209504
26205994
26205937
26205870
26204828
26203998
26203568
26203513
26203452
26201484
26201477
26201466
26201413
26201361
26201324
26201285
26200692
26200569
26200438
26200424
26200290
26200282
26199714
26199087
26199019
26187381
26182544
26182500
26181181
26180834
26180793
26180565
26180557
26176687
26176586
26176569
26176557
26176531
26170108
26169641
26167733
26165753
26165418
26165398
26165386
26165277
26165181
26165032
26164994
26163813
26162200
26159405
26156761
26155677
26152632
26151188
26151003
26150984
26145301
26137963
26137883
26137778
26133098
26132965
26131474
26131454
26131362
26131149
26131047
26130649
26130648
26130220
26128936
26128847
26127250
26126764
26126743
26122014
26121988
26121964
26121188
26121110
26120846
26120831
26120783
26120767
26120748
26120673
26120583
26120571
26120501
26120050
26120042
26120040
26119899
26119877
26119850
26119845
26118770
26118758
26118746
26118715
26118632
26118484
26118327
26118299
26117496
26117108
26116104
26116085
26114890
26113835
26113812
26113805
26113503
26113251
26113170
26112999
26112509
26112376
26112326
26111993
26111987
26111913
26111668
26111643
26111629
26111493
26111038
26110944
26110912
26110902
26110874
26108307
26107761
26107177
26106807
26106791
26106785
26106690
26106406
26106366
26106133
26106114
26106045
26105998
26105837
26105615
26104457
26103865
26103573
26103053
26102941
26102401
26097460
26096528
26096153
26096081
26095245
26095009
26094978
26094864
26094255
26093852
26092163
26092015
26091642
26091418
26091137
26090865
26090741
26090723
26089815
26088887
26088884
26088844
26088833
26088815
26087137
26086857
26086171
26086088
26086024
26085132
26085057
26084827
26084744
26084735
26083355
26083325
26083298
26083100
26082486
26077669
26076948
26076524
26076502
26076465
26076291
26076169
26076128
26076108
26076079
26076046
26075229
26073542
26071976
26067631
26067605
26065955
26065517
26063222
26062337
26062247
26062210
26062207
26062172
26062161
26055431
26054618
26054426
26054189
26052915
26052907
26052885
26047161
26046935
26046715
26046695
26043817
26043569
26040900
26040346
26040339
26040284
26040042
26040029
26040021
26039975
26039967
26039945
26039940
26039900
26039885
26039801
25998310
25997404
25997258
25996992
25996923
25964839
25961911
25961735
25961506
25961437
25961416
25961397
25959980
25959952
25954894
25954792
25947105
25947059
25946855
25909582
25909151
25909144
25909135
25909095
25909068
25897263
25895826
25895740
25895699
25895649
25895629
25895610
25895598
25895566
25892839
25892673
25892651
25892155
25890666
25890291
25890282
25889899
25889165
25889159
25888983
25856715
25856589
25856576
25855926
25855908
25852173
25851320
25851223
25851173
25851023
25850975
25850948
25850787
25850417
25850393
25848988
25844802
25844687
25844521
25844500
25844493
25844483
25844102
25843990
25843961
25843949
25823574
25823129
25822176
25797937
25785884
25785379
25785370
25783017
25782562
25782274
25782114
25781925
25781919
25781664
25781643
25781390
25781191
25781117
25781105
25778731
25771304
25771183
25770802
25770652
25770641
25769676
25769521
25769501
25769449
25769429
25769423
25769418
25769407
25769400
25769370
25769350
25769160
25769156
25769133
25769130
25769125
25769106
25769099
25769068
25729729
25728045
25727974
25725173
25722138
25722135
25722040
25722028
25721632
25721252
25721245
25721233
25721003
25720704
25720685
25718155
25718135
25716509
25716481
25714884
25714853
25714847
25714742
25714688
25711482
25710099
25709054
25709044
25709036
25709026
25707865
25707761
25705769
25705739
25696990
25693943
25693917
25690297
25689955
25686586
25686573
25686558
25683324
25676134
25676087
25674966
25674621
25674603
25674595
25674582
25674565
25674558
25674522
25673388
25671884
25671882
25671875
25671544
25671498
25671167
25671158
25659168
25657621
25657609
25657382
25656922
25656918
25656834
25656744
25656087
25656062
25656042
25656033
25656012
25655984
25655962
25655915
25655905
25655893
25655878
25655856
25655829
25655330
25654203
25653721
25653664
25653598
25651469
25650718
25650658
25650550
25649434
25649221
25649216
25649187
25648840
25648016
25647034
25646993
25646980
25646664
25646645
25645846
25645656
25645650
25645628
25645606
25645565
25645554
25645545
25645538
25641529
25634598
25634588
25634575
25634123
25633961
25633947
25633473
25633461
25633404
25633383
25633333
25633279
25633273
25633263
25632889
25632691
25631469
25631404
25631365
25631338
25631307
25631246
25629895
25629883
25624752
25618351
25618060
25617767
25617555
25616704
25613947
25611649
25611583
25611572
25611567
25601459
25601411
25601397
25595454
25595410
25593546
25593516
25593506
25593493
25593469
25590124
25589771
25589668
25587450
25586881
25586696
25586533
25586514
25579169
25577387
25577071
25577017
25577005
25576820
25576796
25576764
25574952
25574941
25563155
25555360
25555315
25555289
25555196
25555134
25543521
25528922
25528917
25525378
25518783
25518727
25518696
25518661
25518645
25518617
25518598
25516592
25512129
25511505
25510839
25510702
25510678
25510621
25505905
25505857
25505840
25505775
25505741
25505698
25505675
25503570
25503525
25466005
25463840
25463086
25462800
25460336
25459453
25459424
25459387
25458840
25458394
25457870
25433389
25432501
25432032
25431901
25431860
25431153
25431065
25431013
25430989
25430960
25430943
25430924
25430895
25430860
25430783
25430757
25428510
25428487
25427696
25426217
25422910
25422894
25396349
25379035
25374868
25374569
25371809
25371397
25371293
25370590
25356840
25355016
25354976
25345207
25344645
25344501
25335653
25335598
25327537
25316048
25297695
25293516
25291687
25290031
25288146
25272288
25249985
25246371
25246355
25244660
25208993
25208972
25208783
25207872
25204755
25204719
25204599
25204150
25202797
25202662
25202457
25202425
25202384
25202241
25202161
25202112
25199895
25199735
25190001
25189951
25175317
25175126
25175084
25140855
25138438
25137981
25120106
25118371
25118345
25113336
25113295
25113266
25084039
25084012
25076678
25076670
25076643
25073629
25068729
25068695
25068652
25068630
25058221
25058030
25058014
25028134
25027270
25027141
25027081
25026890
25026859
25026400
25026285
25004456
25004420
25004411
25004061
25002967
25002924
25002538
25002523
24998543
24997210
24992291
24988894
24975847
24971630
24970481
24966858
24962589
24962433
24956804
24955678
24955504
24955465
24955441
24950474
24950466
24950453
24927119
24899306
24899270
24899224
24899185
24898848
24898454
24896153
24894861
24894798
24894305
24894249
24894211
24894207
24894182
24894159
24894135
24893912
24893889
24892984
24892968
24890660
24888052
24888026
24887666
24867365
24867188
24866969
24866957
24866914
24866909
24866886
24855331
24846524
24846327
24846278
24846087
24846054
24845949
24842077
24841787
24841717
24841700
24841082
24841066
24840771
24840753
24840703
24837687
24837652
24837626
24836607
24836518
24836414
24836370
24836267
24836222
24836200
24836182
24833627
24827384
24827120
24820806
24820201
24818770
24815902
24814604
24814589
24814429
24814393
24813842
24813810
24813782
24809764
24809253
24807578
24807517
24803679
24803650
24802005
24801968
24800317
24797851
24797183
24796930
24796747
24794106
24793827
24793778
24793754
24793744
24793723
24793700
24789061
24785046
24784795
24782015
24781900
24781755
24780923
24780422
24780241
24779767
24777547
24777523
24777512
24777504
24777484
24777463
24776615
24776436
24776379
24776346
24776309
24774815
24774656
24774604
24773400
24773229
24772931
24772832
24772744
24766044
24765853
24765826
24765807
24751356
24751297
24747499
24745123
24745024
24745006
24744615
24742262
24742221
24741845
24741804
24741676
24741662
24741656
24741612
24741250
24738359
24738330
24738249
24737360
24736548
24737014
24736984
24736931
24736928
24736919
24736617
24736601
24736539
24736525
24736510
24736497
24736488
24735696
24735659
24735180
24735165
24735149
24735088
24735069
24735049
24733117
24733106
24733070
24733016
24733010
24732982
24732971
24732960
24729750
24729634
24729551
24728212
24728103
24727981
24727639
24727519
24727482
24727450
24727351
24727298
24711254
24711237
24711205
24710264
24710246
24710005
24709944
24709823
24709815
24709812
24709680
24709642
24709486
24709388
24708992
24708970
24708899
24708886
24708841
24706372
24706085
24704777
24704719
24704692
24704663
24704629
24704506
24704420
24704403
24704300
24704017
24703989
24703946
24703937
24703889
24703856
24703764
24702743
24702537
24702464
24702418
24702402
24702387
24702351
24702343
24702309
24702292
24702276
24702262
24702245
24702117
24700150
24700089
24700046
24700034
24700013
24694842
24691094
24690973
24690914
24690861
24690823
24676526
24672655
24672639
24666163
24666145
24666121
24666096
24666087
24657552
24657162
24656848
24656585
24640344
24639058
24639054
24639045
24609641
24597849
24593937
24581312
24580950
24579958
24570087
24569965
24568895
24568758
24568335
24565573
24565560
24565539
24564456
24563498
24563427
24563416
24560252
24559280
24559266
24559256
24556693
24556689
24554658
24554623
24554047
24551273
24544104
24528957
24518171
24501754
24430309
24430260
24414058
24414005
24413989
24408574
24408363
24405751
24405705
24405686
24405665
24405658
24405653
24405645
24405638
24405629
24405621
24405612
24367592
24366208
24366063
24365489
24365300
24301884
24286578
24286550
24274664
24274629
24274571
24274554
24265270
24265137
24247663
24247639
24247598
24247539
24247531
24247521
24207692
24207639
24204504
24204477
24163362
24126879
24126570
24124044
24123879
24122838
24122826
24122412
24121723
24121579
24121568
24120117
24120089
24116271
24116243
24116199
24115324
24103399
24100806
24100276
24100240
24098158
24091102
24090204
24089886
24088401
24087681
24087664
24087545
24087515
24085468
24085453
24085427
24085375
24085337
24080875
24080500
24080230
24080215
24080174
24079981
24078044
24076756
24076725
24076144
24075844
24075516
24075436
24067716
24067598
24067483
24058256
24057488
24057472
24057458
24057442
24057424
24057407
24057393
24049784
24047876
24047491
24047470
24046860
24046783
24046768
24046756
24046672
24046651
24046603
24046577
24046566
24046408
24045498
24045484
24045443
24045014
24044106
24044078
24044029
24043900
24043791
24043703
24043674
24043594
24043550
24043528
24043519
24043280
24043069
24043038
24043012
24042909
24042905
24042883
24042861
24042766
24042417
24040741
24032629
24032592
24032488
24029794
24028097
24019821
24019808
24017159
24017042
24017009
24016927
24013726
24011859
24011850
24011842
24011826
24011434
24011428
24011384
24011347
24008512
24007964
24002859
24002717
24002696
24002015
24001547
24001540
24001129
24000133
23999347
23999322
23999294
23999230
23999209
23999152
23999135
23998567
23995900
23995748
23995739
23991992
23991713
23991676
23991570
23991328
23989668
23989659
23989201
23989195
23989165
23989136
23989118
23989110
23989091
23989072
23989062
23989050
23989008
23989002
23988983
23988958
23988950
23988943
23988922
23988912
23987175
23987085
23987067
23986608
23986472
23986384
23986279
23986267
23986259
23986248
23985926
23985894
23985877
23985874
23985851
23985848
23985846
23985830
23985811
23981983
23981869
23981818
23979414
23975489
23975460
23973258
23972580
23971074
23970903
23968297
23968261
23965365
23965281
23961544
23961030
23960671
23960584
23960570
23960516
23958662
23955956
23951831
23948866
23948456
23944717
23938519
23938471
23938450
23938404
23938388
23934446
23931522
23931413
23928274
23928120
23927187
23926421
23924696
23922809
23921736
23921716
23919725
23919698
23919612
23919591
23919534
23919512
23919376
23919337
23919330
23919307
23919288
23918934
23918130
23918105
23917949
23912989
23912971
23895123
23894071
23894035
23893698
23893502
23893494
23884092
23883122
23883081
23882908
23882816
23882780
23882676
23882577
23879411
23877313
23876448
23876397
23876339
23876274
23875898
23875880
23875810
23875785
23875757
23875715
23875650
23875625
23875605
23875589
23875573
23875222
23875166
23875141
23874986
23871006
23870963
23868092
23867154
23866687
23863092
23855215
23851647
23851614
23839534
23825990
23818415
23816449
23815904
23811965
23811780
23811764
23811734
23808472
23807471
23806092
23806056
23806034
23804237
23803956
23803708
23803331
23803003
23802684
23802473
23802365
23802301
23802256
23802186
23802144
23802048
23802031
23802016
23801982
23790078
23788597
23782642
23782621
23782549
23782492
23782438
23782406
23782399
23782383
23778134
23778117
23777897
23777882
23765790
23764520
23762734
23762689
23762592
23762569
23762518
23762502
23761080
23761025
23760993
23741876
23741530
23735868
23735722
23735529
23735393
23735360
23717962
23716261
23711268
23709974
23709190
23707581
23707275
23689956
23689916
23689838
23689805
23689750
23689738
23689720
23689711
23689668
23689663
23689615
23681324
23679728
23679211
23671597
23671587
23671576
23662743
23662699
23662673
23662668
23660782
23660763
23659168
23659158
23659126
23659096
23659089
23656919
23656517
23654465
23654348
23653329
23653287
23653221
23653205
23652098
23652047
23650501
23650394
23650281
23650275
23650270
23650257
23650242
23650234
23650180
23650093
23649558
23649424
23649412
23645726
23645224
23637363
23637185
23637156
23637083
23637013
23634493
23634486
23632059
23627913
23627740
23627715
23627707
23626054
23625864
23625792
23621940
23621537
23621234
23621168
23621014
23621009
23620941
23620911
23620862
23620485
23617188
23616541
23616331
23616310
23616291
23616282
23616272
23616046
23614506
23614457
23614378
23614343
23614331
23614298
23614280
23611776
23611651
23601244
23601096
23601084
23601075
23600824
23600815
23600520
23591963
23591946
23590475
23590372
23590319
23586670
23585979
23585935
23585925
23585864
23585333
23585099
23576357
23575973
23575759
23575451
23574755
23574672
23570623
23570328
23569970
23569806
23569802
23569641
23569622
23569548
23569526
23569517
23569501
23569492
23569481
23569479
23569463
23569423
23569009
23568747
23568394
23568366
23568348
23568329
23568318
23568301
23568285
23542947
23542934
23542923
23542913
23542907
23542894
23470405
23470365
23470354
23470337
23470319
23450941
23450522
23450412
23450343
23450323
23432958
23418376
23418324
23417007
23416987
23416952
23416476
23415565
23415546
23413871
23412901
23412644
23412602
23412040
23405120
23375716
23375063
23375001
23364257
23346578
23329714
23325648
23324126
23324027
23303038
23302992
23302930
23302913
23286623
23281953
23275985
23275849
23274147
23274024
23256021
23255983
23240843
23240827
23240815
23240803
23240771
23240760
23240705
23240607
23240496
23240479
23240469
23240444
23240431
23240384
23240342
23212642
23207272
23207132
23201780
23201530
23201484
23200509
23200176
23200053
23196697
23196147
23195240
23195167
23195159
23195157
23193811
23193807
23193391
23193377
23190395
23185077
23184959
23184895
23180439
23155206
23153143
23147083
23144467
23144385
23144347
23140189
23138664
23138563
23132341
23131699
23130724
23130076
23129875
23129839
23129823
23121344
23121237
23120914
23120821
23120771
23120591
23120530
23120515
23120498
23120455
23110894
23110861
23110850
23106981
23106955
23105853
23105782
23099504
23099483
23099466
23099422
23099410
23099388
23096067
23096055
23095572
23095556
23095507
23091979
23076396
23070931
23070915
23070877
23045116
23007218
23000476
23000454
23000431
22995168
22995031
22994051
22977368
22975113
22974868
22973201
22947940
22942113
22942088
22942031
22942013
22934683
22934015
22933896
22933718
22933619
22933511
22933422
22933356
22933330
22929419
22918482
22901053
22901012
22901005
22900899
22900863
22896537
22896496
22893577
22878001
22877969
22859986
22859968
22859569
22859520
22857152
22857115
22854821
22844496
22839929
22839923
22839888
22835070
22835027
22833667
22831015
22830648
22830586
22830339
22830181
22825011
22824710
22811547
22811282
22811255
22804358
22804180
22798987
22798898
22798865
22797807
22797550
22797370
22797324
22797275
22785987
22785883
22785847
22774743
22773006
22767521
22766365
22763639
22761546
22761464
22761420
22761389
22761351
22761081
22760418
22759809
22759046
22759040
22758942
22758847
22758609
22758539
22757223
22757217
22757174
22751574
22751328
22751197
22751044
22751033
22750946
22750873
22750352
22750339
22745331
22738770
22738480
22738313
22738293
22738193
22733022
22732978
22732850
22732828
22732779
22732745
22732741
22732695
22732688
22732672
22732631
22727119
22727020
22726983
22726959
22726678
22726669
22726517
22726497
22726463
22724313
22724218
22723441
22723432
22723426
22723368
22720601
22720449
22717074
22716724
22716572
22716541
22716420
22713420
22713397
22713123
22713014
22707139
22707099
22706599
22700877
22700636
22700555
22700461
22700423
22700382
22700315
22700220
22700217
22700207
22700197
22700192
22700179
22694080
22694078
22694074
22694070
22694067
22694058
22693053
22692406
22686649
22686526
22686500
22686457
22674968
22674935
22674013
22670842